<?xml version="1.0"?>
<opencv_storage>
<left_intrinsic type_id="opencv-matrix">
  <rows>3</rows>
  <cols>3</cols>
  <dt>d</dt>
  <data>
    4.2363590837333948e+02 0. 3.4087463054524454e+02 0.
    4.2155944106324665e+02 2.6893598061042690e+02 0. 0. 1.</data></left_intrinsic>
<left_dist type_id="opencv-matrix">
  <rows>1</rows>
  <cols>5</cols>
  <dt>d</dt>
  <data>
    -4.3524851294553357e-01 2.7100252771772271e-01
    -4.0389642959553541e-04 6.2199564414959366e-04
    -1.1423661505235938e-01</data></left_dist>
</opencv_storage>
