<?xml version="1.0"?>
<opencv_storage>
<right_intrinsic type_id="opencv-matrix">
  <rows>3</rows>
  <cols>3</cols>
  <dt>d</dt>
  <data>
    4.2102058235934510e+02 0. 3.5216478490724143e+02 0.
    4.1885805124455544e+02 2.6455679123841264e+02 0. 0. 1.</data></right_intrinsic>
<right_dist type_id="opencv-matrix">
  <rows>1</rows>
  <cols>5</cols>
  <dt>d</dt>
  <data>
    -4.1497215689875488e-01 1.9979902163428001e-01
    -2.1222783351607588e-04 -1.4533283558478076e-03
    -5.1239863708518511e-02</data></right_dist>
</opencv_storage>
