<?xml version="1.0"?>
<opencv_storage>
<R type_id="opencv-matrix">
  <rows>3</rows>
  <cols>3</cols>
  <dt>d</dt>
  <data>
    9.9987912559968783e-01 6.5256810193723468e-03 1.4112040151477647e-02
    -6.4617799395720625e-03 9.9996868436921982e-01
    -4.5689912348545877e-03 -1.4141414003417686e-02
    4.4772500628217611e-03 9.9988998126886885e-01</data></R>
<T type_id="opencv-matrix">
  <rows>3</rows>
  <cols>1</cols>
  <dt>d</dt>
  <data>
    2.4689173789392878e+00 1.0486007605471123e-02 2.0833132864163406e-03</data></T>
<E type_id="opencv-matrix">
  <rows>3</rows>
  <cols>3</cols>
  <dt>d</dt>
  <data>
    -1.3482506278994464e-04 -2.0362995679363183e-03
    1.0494372588364831e-02 3.6997044262985515e-02
    -1.1040365451987090e-02 -2.4686163519812432e+00
    -2.6438340907280870e-02 2.4687716348934221e+00
    -1.1428440824310876e-02</data></E>
<F type_id="opencv-matrix">
  <rows>3</rows>
  <cols>3</cols>
  <dt>d</dt>
  <data>
    -2.3648679946131976e-08 -3.5901649396017535e-07
    8.7829844936418325e-04 6.5213460522232486e-06
    -1.9560958266645089e-06 -1.8497979741291676e-01
    -3.7103140344554998e-03 1.8504228731846062e-01 1.</data></F>
</opencv_storage>
