<?xml version="1.0"?>
<opencv_storage>
<R1 type_id="opencv-matrix">
  <rows>3</rows>
  <cols>3</cols>
  <dt>d</dt>
  <data>
    9.9983037454206780e-01 1.0776433754785002e-02 1.4936218349952146e-02
    -1.0742419964090833e-02 9.9993952387254592e-01
    -2.3556338555224023e-03 -1.4960700397502098e-02
    2.1947831498603889e-03 9.9988567365001357e-01</data></R1>
<R2 type_id="opencv-matrix">
  <rows>3</rows>
  <cols>3</cols>
  <dt>d</dt>
  <data>
    9.9999062472740685e-01 4.2471689760525998e-03 8.4380861527926843e-04
    -4.2490779086175679e-03 9.9998838815987867e-01
    2.2735176125112718e-03 -8.3414280363816758e-04
    -2.2770817062101973e-03 9.9999705954802021e-01</data></R2>
<P1 type_id="opencv-matrix">
  <rows>3</rows>
  <cols>4</cols>
  <dt>d</dt>
  <data>
    4.2020874615390107e+02 0. 3.1347034835815430e+02 0. 0.
    4.2020874615390107e+02 2.4620305633544922e+02 0. 0. 0. 1. 0.</data></P1>
<P2 type_id="opencv-matrix">
  <rows>3</rows>
  <cols>4</cols>
  <dt>d</dt>
  <data>
    4.2020874615390107e+02 0. 3.1347034835815430e+02
    1.0374704027294868e+03 0. 4.2020874615390107e+02
    2.4620305633544922e+02 0. 0. 0. 1. 0.</data></P2>
<Q type_id="opencv-matrix">
  <rows>4</rows>
  <cols>4</cols>
  <dt>d</dt>
  <data>
    1. 0. 0. -3.1347034835815430e+02 0. 1. 0. -2.4620305633544922e+02 0.
    0. 0. 4.2020874615390107e+02 0. 0. -4.0503203276775079e-01 0.</data></Q>
</opencv_storage>
